11.41  
 11.41  
 11.41  
 11.41  
 11.41  
 11.41  
 11.38  
 11.38  
 11.38  
 11.34  
 11.34  
 11.38  
 11.34  
 11.38  
 11.34  
 11.38  
 11.45  
 11.41  
 11.41  
 11.38  
 11.38  
 11.30  
 11.38  
 11.38  
 11.41  
 11.30  
 11.41  
 11.38  
 11.38  
 11.38  
 11.38  
 11.34  
 11.38  
 11.38  
 11.45  
 11.49  
 11.38  
 11.34  
 11.34  
 11.41  
 11.38  
 11.30  
 11.41  
 11.34  
 11.38  
 11.38  
 11.41  
 11.41  
 11.30  
 11.41  
 11.34  
 11.38  
 11.26  
 11.34  
 11.38  
 11.38  
 11.38  
 11.41  
 11.38  
 11.38  
 11.34  
 11.30  
 11.38  
 11.34  
 11.38  
 11.41  
 11.38  
 11.41  
 11.41  
 11.34  
 11.38  
 11.38  
 11.49  
 11.34  
 11.41  
 11.41  
 11.34  
 11.34  
 11.38  
 11.38  
 11.41  
 11.41  
 11.41  
 11.38  
 11.45  
 11.38  
 11.38  
 11.34  
 11.38  
 11.38  
 11.41  
 11.38  
 11.45  
 11.41  
 11.41  
 11.41  
 11.34  
 11.41  
 11.38  
 11.38  
 11.34  
 11.38  
 11.45  
 11.34  
 11.38  
 11.38  
 11.34  
 11.41  
 11.34  
 11.34  
 11.30  
 11.34  
 11.34  
 11.38  
 11.34  
 11.38  
 11.34  
 11.30  
 11.38  
 11.45  
 11.38  
 11.41  
 11.34  
 11.41  
 11.38  
 11.41  
 11.41  
 11.34  
 11.30  
 11.38  
 11.41  
 11.34  
 11.38  
 11.38  
 11.34  
 11.38  
 11.30  
 11.41  
 11.41  
 11.38  
 11.38  
 11.34  
 11.38  
 11.34  
 11.38  
 11.38  
 11.41  
 11.38  
 11.38  
 11.30  
 11.34  
 11.38  
 11.38  
 11.38  
 11.38  
 11.38  
 11.34  
 11.34  
 11.41  
 11.30  
 11.34  
 11.38  
 11.41  
 11.38  
 11.45  
 11.38  
 11.34  
 11.38  
 11.41  
 11.38  
 11.34  
 11.41  
 11.41  
 11.38  
 11.41  
 11.38  
 5.41  
 12.28  
 11.92  
 11.49  
 10.20  
 12.00  
 10.98  
 7.81  
 7.81  
 10.36  
 10.90  
 12.59  
 12.16  
 10.20  
 8.04  
 11.89  
 11.26  
 11.57  
 16.04  
 20.04  
 20.04  
 -20.08  
 -20.08  
 20.04  
 20.04  
 -20.08  
 20.04  
 20.04  
 -20.08  
 -20.08  
 20.04  
 20.04  
 -20.08  
 -20.08  
 20.04  
 20.04  
 -15.77  
 20.04  
 20.04  
 -20.08  
 -3.18  
 20.04  
 20.04  
 -14.51  
 2.04  
 20.04  
 19.14  
 -7.88  
 4.86  
 20.04  
 14.51  
 -4.71  
 10.90  
 9.96  
 9.96  
 0.75  
 13.57  
 19.77  
 4.71  
 4.71  
 13.85  
 16.75  
 7.18  
 7.18  
 13.57  
 14.67  
 9.02  
 9.02  
 13.30  
 13.22  
 10.16  
 12.91  
 12.28  
 10.04  
 10.83  
 12.47  
 11.53  
 10.36  
 11.34  
 12.24  
 11.34  
 10.75  
 11.53  
 11.89  
 11.14  
 11.06  
 11.65  
 11.61  
 11.22  
 11.65  
 11.41  
 11.10  
 11.34  
 11.65  
 11.41  
 11.18  
 11.41  
 11.53  
 11.30  
 11.22  
 11.45  
 11.41  
 11.22  
 11.34  
 11.41  
 11.38  
 11.34  
 11.41  
 11.38  
 11.38  
 11.34  
 11.53  
 11.41  
 11.30  
 11.45  
 11.34  
 11.30  
 11.38  
 11.41  
 11.41  
 11.34  
 11.34  
 11.41  
 11.41  
 11.34  
 11.41  
 11.41  
 11.34  
 11.38  
 11.41  
 11.38  
 11.38  
 11.34  
 11.41  
 11.41  
 11.38  
 11.38  
 10.24  
 11.89  
 11.65  
 10.98  
 11.77  
 11.85  
 11.85  
 9.38  
 8.16  
 8.16  
 10.90  
 12.40  
 10.00  
 12.75  
 12.12  
 11.22  
 10.55  
 8.71  
 10.12  
 11.81  
 12.83  
 12.91  
 14.44  
 14.91  
 14.51  
 11.73  
 20.04  
 20.04  
 -20.08  
 -20.08  
 20.04  
 -20.08  
 -11.45  
 20.04  
 20.04  
 -20.08  
 0.43  
 20.04  
 20.04  
 -20.08  
 20.04  
 12.91  
 -20.08  
 12.94  
 20.04  
 6.55  
 -17.14  
 16.79  
 20.04  
 5.92  
 -8.83  
 16.48  
 20.04  
 6.28  
 -3.53  
 17.42  
 20.04  
 4.63  
 2.75  
 17.65  
 17.89  
 5.77  
 6.51  
 16.32  
 15.02  
 6.98  
 8.63  
 15.14  
 13.45  
 8.20  
 10.00  
 14.16  
 12.16  
 9.06  
 10.90  
 13.34  
 9.92  
 9.92  
 11.49  
 12.59  
 10.36  
 11.77  
 12.12  
 11.02  
 10.87  
 11.81  
 11.81  
 10.94  
 11.14  
 11.77  
 11.53  
 11.06  
 11.30  
 11.69  
 11.34  
 11.18  
 11.41  
 11.65  
 11.18  
 11.41  
 11.45  
 11.26  
 11.30  
 11.45  
 11.38  
 11.34  
 11.34  
 11.49  
 11.38  
 11.26  
 11.38  
 11.41  
 11.41  
 11.41  
 11.41  
 11.38  
 10.94  
 10.40  
 13.18  
 13.14  
 8.39  
 9.65  
 14.79  
 12.36  
 8.43  
 10.98  
 13.45  
 11.49  
 9.85  
 11.53  
 12.59  
 10.98  
 10.36  
 11.73  
 12.28  
 11.10  
 10.83  
 11.81  
 11.69  
 10.98  
 11.22  
 11.77  
 11.06  
 11.26  
 11.61  
 11.34  
 11.22  
 11.49  
 11.45  
 11.26  
 11.22  
 10.90  
 9.69  
 11.10  
 11.85  
 11.73  
 10.83  
 10.94  
 8.08  
 8.32  
 8.90  
 10.36  
 8.32  
 7.53  
 10.75  
 10.59  
 12.04  
 13.89  
 14.36  
 15.06  
 14.47  
 13.49  
 18.83  
 20.04  
 20.04  
 -20.08  
 -20.08  
 20.04  
 20.04  
 -20.08  
 -20.08  
 20.04  
 -20.08  
 -20.08  
 20.04  
 20.04  
 -20.08  
 -0.78  
 20.04  
 17.53  
 -20.08  
 13.30  
 20.04  
 -20.08  
 18.59  
 20.04  
 3.84  
 -11.45  
 18.44  
 20.04  
 4.94  
 -4.20  
 17.46  
 20.04  
 4.04  
 1.49  
 18.87  
 17.81  
 4.67  
 7.45  
 17.34  
 13.45  
 6.35  
 10.36  
 15.46  
 11.65  
 7.88  
 11.45  
 14.28  
 11.06  
 9.18  
 11.96  
 13.06  
 10.59  
 10.00  
 12.32  
 10.67  
 10.87  
 12.08  
 10.87  
 11.77  
 11.69  
 11.81  
 11.61  
 11.73  
 11.49  
 9.41  
 11.18  
 13.61  
 11.49  
 8.79  
 11.18  
 14.20  
 11.53  
 9.18  
 11.45  
 13.14  
 10.79  
 10.55  
 11.81  
 10.87  
 11.10  
 11.85  
 11.53  
 10.94  
 11.34  
 11.73  
 11.38  
 10.16  
 10.94  
 12.28  
 10.55  
 11.65  
 12.04  
 11.34  
 11.26  
 11.61  
 11.02  
 11.06  
 11.10  
 11.38  
 11.45  
 11.30  
 11.30  
 11.53  
 11.38  
 10.98  
 11.02  
 10.59  
 10.87  
 11.53  
 11.10  
 11.02  
 11.22  
 10.90  
 10.98  
 10.04  
 9.81  
 10.16  
 11.65  
 11.89  
 11.34  
 12.04  
 12.28  
 11.22  
 10.79  
 9.53  
 9.77  
 11.18  
 10.87  
 10.90  
 10.59  
 11.77  
 12.94  
 11.53  
 12.47  
 14.40  
 10.16  
 11.57  
 12.28  
 13.22  
 11.81  
 11.26  
 20.04  
 20.04  
 -20.08  
 -19.38  
 20.04  
 10.40  
 -20.08  
 15.57  
 20.04  
 -20.08  
 20.04  
 20.04  
 -1.49  
 -20.08  
 20.04  
 20.04  
 -1.18  
 -20.08  
 20.04  
 20.04  
 -4.55  
 20.04  
 20.04  
 -1.45  
 -6.28  
 20.04  
 20.04  
 1.84  
 -0.35  
 20.04  
 20.04  
 2.51  
 5.26  
 19.89  
 14.36  
 4.47  
 10.16  
 17.02  
 11.49  
 6.90  
 11.81  
 14.91  
 10.59  
 8.51  
 12.32  
 13.53  
 10.40  
 9.81  
 12.32  
 12.55  
 10.43  
 10.55  
 12.24  
 10.67  
 11.06  
 12.04  
 11.41  
 10.75  
 11.38  
 11.85  
 11.30  
 11.06  
 11.49  
 11.69  
 11.18  
 11.18  
 11.53  
 11.53  
 11.26  
 11.30  
 11.49  
 11.18  
 11.34  
 11.49  
 11.30  
 11.30  
 11.34  
 11.49  
 11.38  
 11.30  
 11.38  
 11.38  
 11.34  
 11.38  
 11.38  
 11.41  
 11.41  
 11.38  
 11.49  
 11.41  
 11.41  
 11.38  
 11.30  
 11.38  
 11.34  
 11.41  
 11.45  
 11.34  
 10.36  
 11.41  
 11.18  
 11.30  
 11.26  
 11.26  
 11.18  
 10.36  
 9.14  
 11.38  
 10.98  
 11.85  
 11.14  
 10.00  
 11.14  
 12.28  
 11.26  
 11.57  
 11.65  
 9.30  
 8.67  
 9.38  
 10.59  
 11.61  
 13.02  
 12.91  
 12.08  
 10.94  
 12.24  
 13.42  
 13.61  
 13.57  
 11.10  
 20.04  
 20.04  
 -20.08  
 20.04  
 20.04  
 -20.08  
 -20.08  
 20.04  
 20.04  
 -20.08  
 -18.44  
 20.04  
 -20.08  
 -4.08  
 20.04  
 20.04  
 -20.08  
 9.49  
 20.04  
 8.39  
 -20.08  
 15.46  
 20.04  
 6.63  
 -9.96  
 15.97  
 20.04  
 7.22  
 -2.86  
 15.22  
 20.04  
 2.04  
 2.04  
 17.22  
 17.53  
 7.57  
 7.57  
 16.24  
 13.69  
 10.12  
 14.75  
 12.04  
 8.59  
 11.02  
 13.69  
 11.38  
 9.49  
 11.57  
 12.71  
 11.06  
 10.20  
 11.73  
 12.16  
 10.98  
 10.79  
 11.77  
 11.73  
 10.87  
 11.06  
 11.81  
 11.65  
 11.30  
 11.61  
 11.38  
 11.10  
 11.38  
 11.57  
 11.26  
 11.22  
 11.45  
 11.53  
 11.34  
 11.34  
 11.41  
 11.34  
 11.26  
 11.34  
 11.49  
 11.41  
 11.45  
 11.38  
 11.41  
 11.38  
 11.41  
 11.45  
 11.41  
 11.41  
 11.38  
 11.41  
 11.41  
 11.41  
 11.45  
 11.41  
 11.38  
 11.34  
 11.38  
 11.41  
 11.38  
 11.45  
 11.38  
 11.41  
 11.38  
 11.41  
 11.38  
 11.41  
 11.38  
 11.38  
 11.41  
 11.34  
 11.34  
 11.34  
 11.30  
 11.41  
 11.41  
 11.41  
 11.45  
 11.38  
 11.34  
 11.34  
 11.34  
 11.38  
 11.45  
 11.45  
 11.38  
 11.38  
 11.41  
 11.38  
 9.45  
 11.96  
 11.81  
 10.71  
 11.81  
 12.43  
 10.16  
 9.53  
 10.32  
 9.85  
 10.51  
 11.61  
 10.98  
 12.87  
 12.08  
 10.20  
 9.69  
 10.28  
 9.26  
 8.75  
 11.06  
 13.73  
 12.43  
 12.24  
 12.63  
 10.75  
 8.75  
 9.34  
 9.26  
 9.69  
 12.12  
 12.47  
 12.24  
 12.43  
 12.75  
 11.65  
 14.63  
 10.90  
 13.38  
 10.67  
 11.61  
 20.04  
 -20.08  
 20.04  
 20.04  
 -20.08  
 -20.08  
 20.04  
 20.04  
 -20.08  
 -20.08  
 20.04  
 20.04  
 -20.08  
 20.04  
 20.04  
 -20.08  
 -20.08  
 20.04  
 20.04  
 -18.40  
 -3.22  
 20.04  
 20.04  
 4.47  
 4.47  
 20.04  
 -1.69  
 7.14  
 20.04  
 14.12  
 2.00  
 10.75  
 18.59  
 10.79  
 6.35  
 12.63  
 14.91  
 9.77  
 8.87  
 12.91  
 13.10  
 9.89  
 10.12  
 12.79  
 12.40  
 10.20  
 10.67  
 12.47  
 11.77  
 10.40  
 11.22  
 12.12  
 11.38  
 10.75  
 11.49  
 11.77  
 10.94  
 11.57  
 11.69  
 11.26  
 11.14  
 11.53  
 11.45  
 11.18  
 11.26  
 11.53  
 11.38  
 11.30  
 11.38  
 11.49  
 11.38  
 11.26  
 11.41  
 11.45  
 11.38  
 11.45